[  3.22371423e-02   1.97938494e-02  -2.52589770e-02  -3.44018452e-02
   4.21633199e-03   2.24919021e-02   3.45729068e-02  -3.79777886e-03
  -3.15949973e-03   2.77101845e-02  -4.08416353e-02  -3.40267345e-02
  -7.11927377e-03  -5.24108158e-03   3.39106992e-02   1.80036277e-02
   7.33929686e-04   1.06140245e-02   1.99968815e-02   1.69535540e-02
   2.82576643e-02  -2.97590662e-02   1.36749670e-02  -1.25169326e-02
   2.50485726e-02  -1.82540845e-02   2.29085330e-03   1.23815406e-02
   1.06223896e-02  -4.83632423e-02  -2.78792698e-02  -1.30874738e-02
  -5.53074153e-03   5.06569166e-04  -8.11286736e-03  -2.63411701e-02
   6.90362230e-03   3.39907184e-02   1.09706074e-03  -9.81941260e-03
  -7.19032288e-02  -4.00659721e-03   3.30650583e-02   1.69506874e-02
   4.08726698e-03   5.15116565e-03  -2.65837274e-03  -1.75618045e-02
   3.34028602e-02  -1.19578615e-02   3.08649987e-03  -9.51869600e-03
   8.51508882e-03  -1.79201532e-02   2.73829550e-02  -4.03752364e-03
   1.92522574e-02  -4.38082404e-03  -3.24218646e-02   7.03174295e-03
  -1.17087020e-02   8.41696933e-03   8.46452266e-03  -1.54488776e-02
   6.57819770e-03   1.98521391e-02  -4.10299450e-02   1.04072858e-02
   1.75133646e-02   1.81610473e-02  -4.48559597e-02  -2.45371610e-02
   2.59731729e-02  -2.46866792e-03  -1.59452967e-02   1.05212927e-02
   3.19143943e-02   1.92940924e-02   1.12208771e-02   2.05201674e-02
  -1.50906621e-03  -1.45175848e-02  -6.15195744e-03   2.47451644e-02
   6.67025149e-03  -1.67744569e-02  -1.53256534e-02   9.83551331e-03
  -3.37880626e-02   2.23023538e-03  -9.71587375e-03  -1.16782738e-02
   9.58815962e-03  -2.83274595e-02  -1.56145953e-02  -1.42595880e-02
   3.72633114e-02  -2.07469575e-02  -1.26529764e-02   1.43673364e-02
   2.14140639e-02  -6.04767352e-03  -8.48489441e-03  -6.93266140e-03
  -4.34378162e-03  -3.39092873e-02  -2.33518817e-02   1.86062604e-02
   1.47635918e-02  -2.29162294e-02  -5.98914316e-03  -9.77487676e-03
   1.79354101e-04  -2.61597801e-02   2.36946065e-03  -3.74722667e-03
  -7.37128593e-03  -1.28452582e-02   1.87409278e-02   1.42107289e-02
  -1.67446956e-02   1.36639606e-02   1.59233203e-03   2.64242887e-02
   1.05905766e-03  -8.08275305e-03   1.84930377e-02  -3.34111080e-02
   1.11438241e-02   1.79567151e-02  -8.51463992e-03   1.54266916e-02
  -3.61977983e-03   2.89365537e-02   2.63933148e-02  -1.99580304e-02
  -6.03792164e-03  -1.46438405e-02  -5.54107316e-03   7.80076347e-03
  -1.46634560e-02   2.16724947e-02   2.37759389e-02   2.54922174e-03
  -1.28738144e-02   9.61011648e-03   1.27832368e-02   1.48105929e-02
  -7.47423992e-03   3.76294553e-02   1.75521653e-02  -1.46650448e-02
  -1.16771013e-02   1.54521689e-03  -8.54625646e-03   3.43306595e-03
  -1.77150555e-02   8.86133872e-03   1.18103968e-02  -1.65065154e-02
   8.54149275e-03   1.64443925e-02  -3.26172411e-02  -3.90456710e-03
  -2.16636620e-02   5.44599164e-03  -2.27632793e-03   1.33103728e-02
   5.18668294e-02  -1.05085764e-02   2.15745047e-02  -1.40649788e-02
   2.31212378e-02  -2.05903407e-02   4.27505374e-03  -1.50606912e-02
  -2.33494528e-02  -6.04491262e-03  -3.19591165e-02   1.94709804e-02
  -4.31330130e-03   6.41756691e-03   8.82175006e-03  -1.18383039e-02
   1.02595538e-02   2.39747576e-04  -1.08066406e-02   1.58383045e-02
   2.10906677e-02   8.56729969e-03   1.40888616e-03   1.77600235e-03
  -3.67975086e-02  -5.87056577e-03   2.08867248e-02  -4.21182774e-02
  -1.44156320e-02  -1.45345544e-02  -2.81577799e-02  -2.82614306e-02
  -1.32051362e-02  -2.18533613e-02   2.32111663e-02   2.40451191e-05
   2.57848762e-04   7.70327449e-03  -5.23314998e-03  -1.93677470e-02
   1.39590502e-02  -3.39455903e-04  -3.28617096e-02  -2.45407969e-03
  -1.02304639e-02  -8.71596858e-03  -3.82304229e-02  -2.12043840e-02
   3.55195850e-02  -1.96070336e-02  -3.09826899e-03  -1.25495531e-03
  -9.31637362e-04   4.67594899e-02   1.26125040e-02  -1.70650817e-02
   4.23682295e-03   5.37908636e-03  -3.40630300e-02  -6.27964735e-03
  -3.69345769e-03  -3.18933725e-02  -4.01561111e-02  -6.59179967e-03
  -2.14078054e-02   3.78171466e-02   1.10376729e-02  -1.78342313e-03
   6.09348575e-03  -3.34696844e-03   1.12135960e-02   1.40426587e-02
  -5.56496764e-03   3.70096453e-02  -1.17146922e-02   1.84264295e-02
  -1.34757375e-02  -1.78536773e-02  -1.34643167e-03   3.94738093e-03
  -3.74076478e-02  -1.80734992e-02  -4.03431430e-03  -1.14522278e-02
   9.75705124e-03   1.07489200e-03  -1.58200748e-02   9.74174682e-03
   2.84862202e-02  -1.20855216e-03  -2.00691279e-02  -2.02065278e-02
  -2.09058225e-02  -1.79076809e-02   6.31784927e-03   4.67952620e-03
  -3.50599475e-02   1.59934834e-02  -1.91423520e-02   8.28797091e-03
   8.13231990e-03   9.88929905e-03  -7.63702253e-03   9.95073840e-03
  -1.41348559e-02   1.04287174e-03   2.66591366e-02  -5.24109229e-04
   1.70684233e-02  -2.45758016e-02   6.91209920e-03   5.60337678e-04
   7.67997419e-03   2.84967199e-02   2.69688666e-03  -1.14335362e-02
  -8.41533858e-03   3.42566371e-02  -7.66498223e-03  -1.20897070e-02
   8.48847255e-03  -2.27074996e-02  -4.25056480e-02   9.41970758e-03
  -4.54717875e-03  -4.77163792e-02   1.18964743e-02   2.97958758e-02
   6.50454871e-03  -4.06348845e-04  -4.62219212e-03   1.38624385e-03]
[  8.22236240e-02   9.81586054e-05  -1.20254308e-01  -1.49267092e-02
  -1.73054338e-02   5.71205057e-02   1.10900298e-01  -4.01374809e-02
  -3.26715633e-02   9.34076607e-02  -1.72083125e-01  -1.60654634e-01
  -1.23537093e-01  -2.70780753e-02   4.70627397e-02   1.50905594e-01
   2.26492286e-02  -6.50540590e-02   4.37436476e-02   6.63209110e-02
   8.72783512e-02   4.90806811e-02   3.08972318e-03   2.97165494e-02
   9.55904201e-02  -1.55353229e-02  -1.40914433e-02  -1.43486625e-02
  -9.73949209e-02  -1.55626208e-01  -1.69081092e-01   1.43897980e-01
  -4.10218947e-02  -2.45169885e-02  -4.22913507e-02  -1.28310770e-01
   9.90697518e-02   8.77484530e-02   3.82732823e-02  -4.00509648e-02
  -1.14983782e-01   1.29120827e-01   1.29625527e-03   4.55565192e-03
   4.50534672e-02   5.65511882e-02  -3.07184644e-04   8.62332620e-03
   8.26770961e-02  -1.98764652e-01  -7.97568709e-02  -1.16673589e-01
   7.64761344e-02  -1.27546757e-01   1.88960861e-02  -1.22663518e-02
   1.10863984e-01  -1.28185451e-01  -1.80624336e-01   6.75133616e-02
  -6.87363148e-02   2.24510357e-02  -9.09853801e-02  -4.57061902e-02
   6.96811602e-02   5.08643053e-02  -1.00121774e-01  -6.44354001e-02
   1.04895659e-01  -5.40163415e-03  -8.33258405e-02  -8.44644010e-03
   8.18106309e-02   1.31452918e-01  -3.71930674e-02   2.00408660e-02
   1.15410298e-01   1.41239792e-01   4.79877330e-02   9.61518846e-03
  -1.38581935e-02  -1.03590377e-02   7.95937181e-02   5.63922711e-02
  -7.96184242e-02   6.14467859e-02  -8.25393870e-02  -8.63629114e-03
  -2.64283717e-02  -3.46520580e-02   2.57317629e-02  -6.84282109e-02
   1.17931560e-01  -1.30326763e-01  -1.65799350e-01  -1.53532792e-02
   7.89348334e-02  -7.29772896e-02  -6.26782700e-03  -9.21253264e-02
  -5.98236360e-03  -6.51559159e-02  -9.16387737e-02   6.06301650e-02
   8.84931684e-02  -7.53679574e-02  -1.35599226e-01   1.60856456e-01
   4.79627065e-02  -7.47069567e-02  -4.12330963e-02  -8.82623047e-02
   1.26910694e-02   8.39307904e-04  -6.66666925e-02   2.45889593e-02
  -3.15217525e-02  -3.00334077e-02   6.95387125e-02   2.64009051e-02
  -5.83502874e-02  -9.80913267e-03   3.34158018e-02   9.10867304e-02
  -5.75697869e-02   2.04844624e-02  -1.34716183e-03  -1.67139322e-01
   1.14981547e-01   5.48315682e-02   4.22030427e-02  -3.68188345e-03
   2.71213893e-03  -6.34699985e-02   6.62908182e-02   3.94144617e-02
   6.05039522e-02  -1.03207521e-01   6.40202761e-02   8.73521417e-02
   4.18975838e-02   9.94401425e-02   1.31375119e-01   2.07887068e-02
   6.18035123e-02   1.12808064e-01   9.89172906e-02   2.07092650e-02
  -4.10903431e-03   1.22241750e-01  -5.27792424e-02  -8.95578638e-02
   1.86786465e-02  -1.02714077e-01   1.81997032e-03  -2.07893290e-02
   4.77096066e-04  -1.27461702e-01  -1.58645287e-02  -1.09665245e-01
   8.03641453e-02   1.58570319e-01  -9.63895917e-02   1.49519183e-03
   6.52916208e-02   5.20213954e-02  -5.56396917e-02   4.39705923e-02
   1.42183661e-01   8.74897093e-03   1.04857199e-01  -3.37533057e-02
   1.10535309e-01  -1.32796437e-01   1.52432606e-01  -1.02271289e-02
  -1.70476243e-01  -2.47697700e-02  -7.00698420e-02   1.32641017e-01
  -4.20637429e-02   1.37385830e-01   4.47551087e-02  -1.59425601e-01
   3.40802521e-02  -1.53317079e-02   4.44913469e-03   6.54610768e-02
  -1.91218928e-02   1.48732767e-01   8.75156224e-02  -1.98533863e-01
  -7.67724961e-02   6.44859448e-02   6.85491338e-02  -1.80202752e-01
   1.83462352e-02  -7.19750002e-02  -1.23455338e-01  -1.28660664e-01
   6.69529140e-02  -1.51304916e-01   1.03333190e-01  -1.25269387e-02
  -7.12796748e-02  -7.35803992e-02   2.79048877e-03  -2.51980126e-02
  -2.06113141e-02  -1.05858915e-01   8.57596844e-02   7.67160133e-02
  -2.47894432e-02  -3.16162826e-03  -1.09381422e-01  -6.60352707e-02
   1.01404086e-01  -9.24791917e-02  -6.33824468e-02  -1.15664355e-01
   9.98003036e-02   1.21231213e-01  -3.57498303e-02  -9.70608070e-02
  -1.11580163e-01  -6.74239546e-02  -2.14136794e-01   1.02074137e-02
  -8.40780437e-02  -1.13486864e-01  -1.39349520e-01  -2.53673866e-02
   1.16350725e-01   8.05658400e-02   8.68374258e-02   9.40763392e-03
  -2.29939744e-02  -2.50379853e-02  -1.04813231e-03   6.35985509e-02
   3.75063270e-02   3.68485861e-02  -2.50251442e-02   4.19020094e-02
   7.22269481e-03  -8.97639990e-02  -4.78949919e-02  -4.06370834e-02
  -4.30057459e-02   2.14328188e-02   6.49975613e-02   2.80559361e-02
   1.17894530e-01  -2.65934095e-02  -1.31380245e-01   4.11280319e-02
   5.26445918e-02  -6.53252006e-02  -6.34090677e-02  -9.39153582e-02
  -2.92991679e-02   8.15826934e-04  -3.49321738e-02  -5.81647232e-02
  -3.67861018e-02   1.31055675e-02  -4.98363078e-02   6.01624995e-02
   2.81097870e-02   8.40752721e-02  -1.71861239e-02   9.55855995e-02
  -5.13913147e-02  -5.06278649e-02   6.85103685e-02  -9.17761922e-02
   3.09159160e-02  -3.59168574e-02   1.22850269e-01   1.43603738e-02
  -4.27175388e-02   1.07696608e-01  -4.26530316e-02  -3.89035568e-02
   5.45584224e-02   1.26653403e-01  -4.86960225e-02  -1.02658190e-01
   7.24098533e-02  -5.06951362e-02  -1.27219573e-01  -1.56340338e-02
  -1.54259130e-01  -1.26548499e-01  -6.55496866e-02  -2.49457546e-03
  -1.21189235e-02   1.59806758e-03   2.31648348e-02  -5.48861623e-02][(u'diagnosing', 0.5229339599609375), (u'diagnostic', 0.51999831199646), (u'diagnose', 0.5191435813903809), (u'diagnosis', 0.5157334208488464), (u'scans', 0.4905652701854706), (u'radiographic', 0.4701082408428192), (u'mediastinoscopy', 0.46438461542129517), (u'mri', 0.4598536491394043), (u'imaging', 0.457490473985672), (u'detection', 0.4542068541049957), (u'scan', 0.453897088766098), (u'diagnoses', 0.4529309570789337), (u'fine-needle', 0.4526183605194092), (u'non-invasive', 0.44915515184402466), (u'detecting', 0.44824424386024475), (u'assess', 0.44737160205841064), (u'ultrasonography', 0.4458032250404358), (u'fibrotest', 0.44557422399520874), (u'tests', 0.44539913535118103), (u'spect', 0.44312575459480286), (u'tomography', 0.441932737827301), (u'incidentalomas', 0.4386332631111145), (u'venography', 0.4384320378303528), (u'cellvizio', 0.4369995594024658), (u'noninvasive', 0.43392565846443176), (u'scanning', 0.43326878547668457), (u'fdg-pet', 0.43000173568725586), (u'myelography', 0.42944300174713135), (u'immunoassay', 0.4289522171020508), (u'test', 0.42711368203163147), (u'biopsy', 0.4254024028778076), (u'evaluate', 0.42493847012519836), (u'accuracy', 0.42403551936149597), (u'enzyme-linked', 0.42265018820762634), (u't-score', 0.42089006304740906), (u'assessing', 0.42081815004348755), (u'false-negative', 0.420379638671875), (u'assessment', 0.42013484239578247), (u'colposcopy', 0.4190601706504822), (u'testing', 0.4175191819667816), (u'ct', 0.41649478673934937), (u'psychometric', 0.4139271378517151), (u'confirmatory', 0.4131947159767151), (u'immunoperoxidase', 0.4129263162612915), (u'detect', 0.41292428970336914), (u'radiography', 0.41279923915863037), (u'immunosorbent', 0.4121559262275696), (u'd-dimer', 0.4117986559867859), (u'echocardiograms', 0.41164109110832214), (u'gfobt', 0.411343514919281)][(u'diagnose', 0.6848078966140747), (u'diagnosis', 0.6844480037689209), (u'diagnosing', 0.6753242015838623), (u'diagnostic', 0.6655682325363159), (u'clinically', 0.6634592413902283), (u'chronic', 0.6600804924964905), (u'non-invasive', 0.641668438911438), (u'abnormal', 0.6367628574371338), (u'treatment', 0.6363418102264404), (u'tissue', 0.6349055767059326), (u'patient', 0.6341636180877686), (u'patients', 0.6303654909133911), (u'disease', 0.6294246912002563), (u'nonspecific', 0.6291325092315674), (u'symptomatic', 0.62769615650177), (u'treatments', 0.626691460609436), (u'assess', 0.6252763271331787), (u'severity', 0.62385094165802), (u'imaging', 0.6215164065361023), (u'detection', 0.6206045150756836), (u'non-specific', 0.6198440194129944), (u'efficacy', 0.6192277669906616), (u'noninvasive', 0.6176156997680664), (u'sensitivity', 0.6161260604858398), (u'abnormalities', 0.6158586144447327), (u'treating', 0.6153767108917236), (u'helpful', 0.614502489566803), (u'symptom', 0.6139211654663086), (u'radiographic', 0.6116510033607483), (u'infections', 0.6112623810768127), (u'assessing', 0.6105989217758179), (u'tumoral', 0.6105718016624451), (u'scans', 0.6097832918167114), (u'clinical', 0.6096604466438293), (u'symptoms', 0.6094135046005249), (u'clinicians', 0.6074636578559875), (u'biomarkers', 0.6074491739273071), (u'complication', 0.606913685798645), (u'lesion', 0.6061095595359802), (u'diagnoses', 0.6046842336654663), (u'evaluating', 0.6044232249259949), (u'pathologies', 0.6038782596588135), (u'lesions', 0.6038753390312195), (u'evaluate', 0.6036210060119629), (u'minimally', 0.6026409864425659), (u'detect', 0.60074383020401), (u'etiology', 0.5996159315109253), (u'susceptibility', 0.5994082689285278), (u'diseases', 0.5987544059753418), (u'detecting', 0.5979499816894531)][(u'chronic', 0.6769807934761047), (u'tissue', 0.6586598753929138), (u'clinically', 0.6552308797836304), (u'treatment', 0.6510785818099976), (u'treatments', 0.6434515118598938), (u'abnormal', 0.6422405242919922), (u'diagnosis', 0.6419883370399475), (u'diagnose', 0.641477644443512), (u'symptomatic', 0.6326311826705933), (u'infections', 0.63202965259552), (u'disease', 0.6315016150474548), (u'diagnosing', 0.6296268701553345), (u'treating', 0.6293792128562927), (u'tissues', 0.6259803771972656), (u'patients', 0.6248782873153687), (u'complication', 0.6245108842849731), (u'efficacy', 0.6227426528930664), (u'non-specific', 0.6217716932296753), (u'patient', 0.6211394667625427), (u'nonspecific', 0.6209336519241333), (u'severity', 0.6199302077293396), (u'diagnostic', 0.6192829012870789), (u'treat', 0.6190577745437622), (u'susceptibility', 0.6145449876785278), (u'abnormalities', 0.6142010688781738), (u'symptom', 0.6133791208267212), (u'symptoms', 0.611424446105957), (u'diseases', 0.6113752126693726), (u'non-invasive', 0.6111434698104858), (u'recurrent', 0.6110243797302246), (u'infection', 0.610744833946228), (u'lesions', 0.6096745729446411), (u'sensitivity', 0.609620988368988), (u'morbidity', 0.6095414161682129), (u'pathologies', 0.6089705228805542), (u'helpful', 0.6089329719543457), (u'therapeutic', 0.6079579591751099), (u'systemic', 0.607925295829773), (u'etiology', 0.6062072515487671), (u'peripheral', 0.6060752868652344), (u'and/or', 0.605866551399231), (u'benign', 0.6051157712936401), (u'dysfunction', 0.6050487756729126), (u'tumoral', 0.6046746969223022), (u'adverse', 0.6035771369934082), (u'clinical', 0.6032047271728516), (u'lesion', 0.6025487780570984), (u'inflammation', 0.6011677980422974), (u'immune', 0.6008667945861816), (u'acute', 0.5993248224258423)]