[  6.90614656e-02   3.03373113e-02  -2.99530327e-02  -6.26006573e-02
  -1.70357600e-02   6.60683364e-02   1.12093776e-01  -2.74880230e-03
  -6.34365063e-03   4.74267304e-02  -5.66284843e-02  -8.03055912e-02
   9.13815200e-03   2.49108784e-02   6.54335320e-02   1.73519142e-02
   2.86441064e-05   4.82773930e-02   3.04371528e-02   2.66819261e-02
   2.42071915e-02  -1.96293034e-02   5.57070598e-02   1.57941831e-03
   3.79920229e-02  -1.13408025e-02  -3.32589895e-02   2.51310021e-02
   1.32368971e-02  -8.56952965e-02  -6.88930973e-02  -4.70029078e-02
   2.36727446e-02   5.26080914e-02  -6.89450651e-02  -5.78640550e-02
   1.61804073e-03   4.62953225e-02  -1.75353568e-02  -3.31109874e-02
  -1.74784958e-01   3.72692160e-02   5.64302914e-02   6.24646470e-02
   3.91750298e-02  -1.14962347e-02   1.97966490e-02  -3.77188027e-02
   6.80999458e-02   1.11645237e-02  -6.94943964e-03   3.64295095e-02
   1.38479844e-03  -1.04563795e-02   1.98853761e-02   4.71075252e-02
  -2.43105739e-03   4.59035970e-02  -8.10863897e-02  -6.26260787e-02
  -3.26822512e-03   3.80026437e-02   3.25918123e-02  -2.19736136e-02
   4.15336192e-02   3.52508761e-02  -7.97852129e-02   7.17669912e-03
   7.39095062e-02   3.43333222e-02  -3.35409865e-02  -1.04560954e-02
   4.65724990e-02  -5.97932525e-02   1.64072937e-03   1.94615796e-02
   6.96539879e-02   9.88748297e-03  -1.66768990e-02   1.17231235e-02
   4.95284796e-03   2.52878666e-03  -8.76864791e-03   1.85644105e-02
   1.87013634e-02   2.79788114e-02   4.40232363e-03   6.13582954e-02
  -8.11425447e-02  -2.19705179e-02  -3.48291844e-02  -3.22931409e-02
   3.66940647e-02  -5.21082804e-03   1.01388395e-02   9.17848386e-03
   6.83810040e-02  -6.47974201e-03   1.01081338e-02   3.22571509e-02
  -2.21291184e-03  -2.31299531e-02   3.65824997e-03  -6.53530378e-03
  -7.53059611e-03  -5.41532412e-02  -1.09632313e-02   4.94776294e-03
   3.28949317e-02  -3.59212868e-02   3.14595364e-03  -5.86243793e-02
  -4.39969823e-04  -8.71504545e-02   3.00138518e-02   3.02836932e-02
   4.20365334e-02  -3.01892962e-02  -1.99974962e-02   2.45980546e-03
  -2.68072784e-02   2.64789574e-02   1.22516174e-02   4.49414253e-02
  -3.33116651e-02  -1.31450864e-02   4.95085418e-02  -1.24534629e-02
   5.16415015e-02   6.26729131e-02  -3.18509154e-02   7.26060271e-02
  -1.31497588e-02   5.13036437e-02   4.34931647e-03  -4.39542681e-02
  -2.60682460e-02  -1.54234190e-02  -1.82941146e-02  -2.14932971e-02
  -1.06998105e-02   7.22983852e-03   2.69361772e-02   1.32988580e-03
  -1.23354457e-02  -7.10552186e-03   5.53108975e-02  -4.71103191e-03
  -9.55186412e-03   4.83391769e-02   4.44617420e-02  -1.55489659e-02
  -5.73565364e-02   1.83388200e-02   2.90883426e-02   2.36924347e-02
  -1.18992012e-02   4.65022065e-02   3.56626511e-02   1.38487667e-03
   7.88180716e-03  -5.84991649e-03  -5.61494567e-02  -2.92192101e-02
  -1.53485630e-02  -2.23748907e-02  -5.14632277e-03  -1.60324033e-02
   8.33598524e-02   1.23150460e-03  -2.60971878e-02  -2.72978060e-02
   2.27174833e-02  -3.13259438e-02  -4.25515324e-03  -1.99060645e-02
  -2.21621841e-02   1.33253634e-04  -1.00805819e-01   3.12855989e-02
  -7.69601762e-03  -8.24953616e-03  -9.22099315e-03  -3.78477573e-02
  -4.65892162e-03   3.89547311e-02  -2.31461041e-02  -4.41702642e-03
   7.34289587e-02  -5.16210236e-02   9.07979533e-03   3.29692736e-02
  -4.33005318e-02  -1.88323446e-02   3.92226167e-02  -7.85672516e-02
  -2.22750381e-02  -1.54807121e-02  -9.93509591e-03  -1.46307182e-02
  -3.87022570e-02   5.97193651e-02   6.46028966e-02   2.38841446e-03
  -2.33054198e-02   3.01571973e-02   3.56696658e-02  -6.59104213e-02
   8.99291784e-03  -2.62151174e-02  -1.02768175e-01   1.06129851e-02
  -2.81397123e-02  -6.77070767e-02  -5.39464504e-02  -4.87161987e-02
   7.15179965e-02  -7.00853020e-02   3.63346376e-02   3.00704166e-02
   3.20935957e-02   3.68484035e-02   7.22039267e-02   2.56285146e-02
   1.12069994e-02   4.80833128e-02  -3.46667320e-02   6.02440070e-03
   5.36427684e-02  -3.38934548e-02  -5.44856638e-02   1.95825770e-02
  -4.01084311e-03   3.85108441e-02  -3.86950299e-02   4.50676307e-03
   4.10076231e-02  -1.78262275e-02   6.05928600e-02   2.04024184e-02
  -2.73797810e-02   1.63291357e-02   2.07646769e-02   2.17032265e-02
  -3.83862518e-02  -2.81467345e-02  -5.08479215e-02  -1.35500077e-02
  -6.43248409e-02  -5.45927994e-02  -3.61486897e-02  -4.26606424e-02
  -2.72608958e-02   5.27282692e-02   2.74174865e-02   3.94213982e-02
   3.60936075e-02   4.24814038e-03  -6.06609602e-03  -3.76139060e-02
  -1.10432561e-02  -7.32903704e-02   8.10505264e-03  -3.95905972e-02
  -2.25221440e-02   5.32363504e-02  -2.99354158e-02   3.77923436e-02
  -1.96840111e-02  -3.42098027e-02   1.80289354e-02  -1.64383389e-02
  -9.56759788e-03  -1.50903687e-03   6.42808303e-02   1.81427747e-02
   4.46738414e-02  -4.36369851e-02   6.83304109e-03  -1.24822110e-02
   3.24712098e-02   5.14790751e-02   1.74966231e-02  -5.42286709e-02
   2.77794152e-02   6.66501224e-02  -7.45733920e-03   4.16580588e-04
  -2.03784555e-02  -4.15345244e-02  -9.13087279e-02   1.52289812e-02
   5.07025830e-02  -1.11623220e-02   8.27899203e-03  -4.96178214e-03
  -3.94212492e-02   3.61147746e-02  -4.43144143e-02   7.24302605e-04]
[ 0.10820148  0.02619842 -0.19332075 -0.09114566 -0.10098466  0.11406876
  0.21010609 -0.0091206  -0.05993561  0.21331435 -0.33984581 -0.34285918
 -0.11802073  0.03280412  0.19404858  0.28139627  0.04106921 -0.031484
  0.04438432  0.01596613  0.17430541  0.06160789  0.03250843  0.05254692
  0.15441746 -0.0693944  -0.13135737 -0.02218498 -0.1928045  -0.37071264
 -0.33989361  0.20609291 -0.01856181  0.03705944 -0.08925202 -0.18075067
  0.17286544  0.16207992  0.07723428 -0.15272944 -0.3291285   0.33948714
  0.01737181  0.13744327  0.13498232  0.12374914 -0.00158149 -0.03740786
  0.16158992 -0.31115562 -0.2207482  -0.21940824  0.14390804 -0.22194192
  0.01639137  0.01368182  0.11634291 -0.15305831 -0.4119353   0.06935843
 -0.17789169  0.07798889 -0.07667783 -0.18843007  0.15330738  0.12743455
 -0.14249963 -0.18274459  0.21912733  0.02617066 -0.17948785  0.04419617
  0.14761774  0.11372499 -0.0331258  -0.04254571  0.24011454  0.2372742
  0.09917763  0.02786513 -0.05260221 -0.08201871  0.20514908  0.05512598
 -0.04175648  0.13981614 -0.11956938  0.07304648 -0.16342747 -0.04631001
  0.0204289  -0.09943603  0.19416988 -0.21347529 -0.21237993 -0.00871209
  0.14902544 -0.14931373  0.04172277 -0.13618042  0.01317782 -0.07187594
 -0.11595033  0.05825347  0.22690183 -0.18987627 -0.19387363  0.20668349
  0.07512531 -0.15333046 -0.06252887 -0.20132032  0.09050996 -0.01419405
 -0.08198581  0.02972687  0.02625219 -0.06940429  0.06250123  0.06119514
 -0.07154957  0.01971901  0.13946699  0.25440365 -0.14935194  0.1065871
  0.05795806 -0.27087367  0.25357354  0.14226073  0.08024086 -0.00488347
 -0.03710636 -0.03398977  0.10697792  0.04838079  0.02315679 -0.17164129
 -0.02434565  0.12034442  0.02835434  0.16574609  0.22863142  0.01759558
  0.06817177  0.12998298  0.1849571   0.1061665  -0.01705717  0.2588101
  0.02753916 -0.08292521 -0.05249144 -0.1321816   0.09127869  0.0649585
  0.05564445 -0.11358427 -0.00743644 -0.10172634  0.14685602  0.29721573
 -0.12217747 -0.05338486  0.10723551  0.12759337 -0.19112895  0.02404336
  0.34281975  0.0532532   0.06052675 -0.00676868  0.17461367 -0.21991479
  0.23937105 -0.03077264 -0.33620054 -0.08241111 -0.2357998   0.26089036
 -0.07422373  0.13755658  0.04403543 -0.29601315 -0.02440659  0.03133287
 -0.02654791  0.02291817 -0.00204156  0.15756999  0.19787382 -0.28933701
 -0.09991629  0.10217957  0.19131625 -0.35867262  0.02993353 -0.10785933
 -0.19190907 -0.22514099  0.05779238 -0.05397674  0.22977303  0.02427065
 -0.1468551  -0.09480663  0.05150644 -0.13772371 -0.00145421 -0.2095425
  0.06904581  0.1398994  -0.09376787 -0.05037317 -0.18998979 -0.14360961
  0.24609011 -0.23430219 -0.06567099 -0.11775441  0.14612244  0.13411659
  0.08664614 -0.14058709 -0.1326783  -0.05676364 -0.39922553  0.07234647
 -0.00793655 -0.19773835 -0.28970557  0.02084353  0.23095694  0.10625334
  0.10386281  0.02402722 -0.09790702 -0.04410628 -0.00329545  0.04650382
 -0.00431307  0.10821636 -0.05720473  0.16119912  0.0179985  -0.09984794
 -0.05586585 -0.05143871 -0.08127783 -0.07498425  0.10827304 -0.02519598
  0.14730297  0.06109524 -0.10976565  0.10073236  0.06651822 -0.13470037
 -0.0645254  -0.14927246  0.00522625 -0.04796435 -0.16494337 -0.07114463
 -0.02641659 -0.00400739 -0.19540381  0.09335034  0.03565655  0.15787286
 -0.04105013  0.09069099  0.01300495 -0.12305371  0.21169439 -0.12749608
  0.04331939 -0.07066074  0.20803979  0.02594494  0.03864241  0.2053629
 -0.05371529 -0.03608754  0.08408573  0.20120606 -0.17909248 -0.14355594
  0.19555131 -0.12471583 -0.34549958 -0.0145317  -0.22742122 -0.17947698
 -0.11012806 -0.0372267  -0.1850504  -0.0144436   0.07155739 -0.18494125][(u'mediastinoscopy', 0.35330572724342346), (u'ccpdma', 0.3423217535018921), (u'colposcopy', 0.3300091028213501), (u'gfobt', 0.3289299011230469), (u'overdiagnosis', 0.32780563831329346), (u'positives', 0.3256221413612366), (u'ipsative', 0.3189430832862854), (u'adi-r', 0.3188794255256653), (u'over-diagnosis', 0.3183729648590088), (u'diagnosing', 0.31669241189956665), (u'diagnostic', 0.3139569163322449), (u'mammography', 0.31342530250549316), (u'd-dimer', 0.31330597400665283), (u'f-score', 0.313296377658844), (u'oncotype', 0.3132544457912445), (u'fibrotest', 0.3110572099685669), (u'accuracy', 0.31006374955177307), (u'tests', 0.3091794550418854), (u'false-negative', 0.3084833323955536), (u'test', 0.3081201910972595), (u'unbiasedness', 0.3066820502281189), (u'gpcog', 0.30663347244262695), (u'one-sample', 0.30633798241615295), (u'mammograms', 0.30303630232810974), (u'afqt', 0.3019331693649292), (u'cellvizio', 0.30089056491851807), (u'pi-rads', 0.3000224828720093), (u'fine-needle', 0.29945287108421326), (u'post-test', 0.2972610592842102), (u'umvu', 0.29721570014953613), (u'mantoux', 0.2962436378002167), (u't-score', 0.2958427667617798), (u'alarp', 0.2948528826236725), (u'pet/ct', 0.29439884424209595), (u'fwer', 0.294219970703125), (u'diagnosis', 0.2939867675304413), (u'self-referral', 0.2928571105003357), (u'z-factor', 0.2918226718902588), (u'cdms', 0.29090774059295654), (u'uncalibrated', 0.29081276059150696), (u'ca-125', 0.2893901467323303), (u'clia', 0.28886139392852783), (u'checking', 0.2882431745529175), (u'diagnostician', 0.2881694436073303), (u'accurate', 0.28770411014556885), (u'serologic', 0.28709113597869873), (u'non-spam', 0.2862991690635681), (u'risk-based', 0.28611794114112854), (u'false-positives', 0.2860715091228485), (u'maxdiff', 0.28541895747184753)][(u'diagnosis', 0.6791089773178101), (u'clinically', 0.6719577312469482), (u'diagnosing', 0.6688202023506165), (u'diagnose', 0.6628373265266418), (u'tumoral', 0.6578810214996338), (u'diagnostic', 0.6530042290687561), (u'radiographic', 0.6520495414733887), (u'mediastinoscopy', 0.6484565734863281), (u'biopsy', 0.6397560834884644), (u'fine-needle', 0.6355820894241333), (u'transrectal', 0.6319314241409302), (u'biopsies', 0.631750226020813), (u'pre-operatively', 0.6315286159515381), (u'non-invasive', 0.6305528879165649), (u'symptomatic', 0.6274922490119934), (u'noninvasive', 0.6266447305679321), (u'lesion', 0.6256674528121948), (u'prognosis', 0.6254644393920898), (u'nonspecific', 0.6219823360443115), (u'hyperfibrinolysis', 0.6203693151473999), (u'efficacy', 0.6202760934829712), (u'biomarkers', 0.6185563802719116), (u'histologic', 0.6173117160797119), (u'immunohistochemical', 0.6162458062171936), (u'asymptomatic', 0.6152103543281555), (u'biomarker', 0.6144719123840332), (u'patient', 0.614181399345398), (u'immunoperoxidase', 0.6134756803512573), (u'patients', 0.612759530544281), (u'prognostic', 0.6118776798248291), (u'abnormalities', 0.6109519004821777), (u'histological', 0.6103830933570862), (u'lesions', 0.6098042130470276), (u'mri', 0.6094136238098145), (u'severity', 0.6078739166259766), (u'immunohistochemistry', 0.6074267625808716), (u'microbiologic', 0.6064210534095764), (u'assess', 0.6052263975143433), (u'arthrocentesis', 0.6048044562339783), (u'resectable', 0.6034246683120728), (u'chronic', 0.6027282476425171), (u'angiomyolipoma', 0.6026591062545776), (u'scans', 0.6024518013000488), (u'malignancy', 0.6015145778656006), (u'antifibrinolytic', 0.6005784273147583), (u'symptoms', 0.6001067757606506), (u'sensitivity', 0.5998796224594116), (u'zollinger-ellison', 0.5994750261306763), (u'placebo-treated', 0.5982431769371033), (u'chylous', 0.5979795455932617)][(u'clinically', 0.711371660232544), (u'tumoral', 0.6739917993545532), (u'tissue', 0.6718910336494446), (u'symptomatic', 0.668582022190094), (u'diagnosis', 0.6672450304031372), (u'abnormalities', 0.6641275882720947), (u'lesion', 0.6620953679084778), (u'lesions', 0.6582395434379578), (u'nonspecific', 0.6579078435897827), (u'chronic', 0.6575034856796265), (u'diagnose', 0.6523052453994751), (u'diagnosing', 0.648955225944519), (u'abnormal', 0.6486625075340271), (u'pre-operatively', 0.6486146450042725), (u'efficacy', 0.6471792459487915), (u'prognosis', 0.6470471620559692), (u'tissues', 0.6455239057540894), (u'symptoms', 0.6437472701072693), (u'asymptomatic', 0.6428182721138), (u'morbidity', 0.6427616477012634), (u'radiographic', 0.6417292356491089), (u'infections', 0.6415537595748901), (u'hyperfibrinolysis', 0.6403489708900452), (u'transrectal', 0.6400963068008423), (u'subcutaneous', 0.639068067073822), (u'severity', 0.6387337446212769), (u'arthrocentesis', 0.6385611891746521), (u'biopsies', 0.6384320259094238), (u'patients', 0.6380670666694641), (u'non-invasive', 0.6367714405059814), (u'biopsy', 0.6358254551887512), (u'biomarkers', 0.6342949867248535), (u'histological', 0.6334330439567566), (u'non-specific', 0.6323333978652954), (u'diagnostic', 0.6321772933006287), (u'zollinger-ellison', 0.6319618225097656), (u'plexopathy', 0.6319444179534912), (u'etiology', 0.6312416791915894), (u'noninvasive', 0.6311015486717224), (u'histologic', 0.6307632327079773), (u'neoplasias', 0.6296485066413879), (u'symptom', 0.6295895576477051), (u'susceptibility', 0.6275429725646973), (u'postoperative', 0.6264343857765198), (u'patient', 0.6260875463485718), (u'biomarker', 0.6253311634063721), (u'dysfunction', 0.6241124868392944), (u'tumors', 0.6238342523574829), (u'angiomyolipoma', 0.6232821941375732), (u'antifibrinolytic', 0.6230825185775757)]