[  2.97083594e-02   7.26682134e-03  -9.16324183e-03  -6.44591544e-03
   6.32091518e-03  -2.02638842e-03   3.33285332e-02   2.50844099e-03
  -2.91345753e-02   3.66112106e-02  -4.24943492e-02  -3.23362984e-02
  -1.83622688e-02  -1.54431192e-02   5.30592054e-02  -5.27882203e-03
   2.55091898e-02   3.11082751e-02  -4.63848189e-03   1.48475766e-02
   4.43652831e-03  -1.37731899e-02   2.26033889e-02  -3.06997094e-02
   1.38788652e-02  -5.56230210e-02  -5.93962148e-03   2.56461017e-02
   1.00245029e-02  -1.18441209e-02  -2.30102278e-02  -2.66415775e-02
   7.09006377e-03   1.62869953e-02  -3.27409804e-02  -2.37328354e-02
  -1.47377783e-02  -1.50362961e-03  -7.39067793e-02  -2.83245388e-02
  -5.60411066e-02   1.46278366e-03   3.42559069e-03  -1.90336630e-03
   1.97125971e-02   7.39126187e-03   1.33717814e-02   6.01288490e-03
   4.05498035e-02  -6.00011647e-03   4.26925905e-03  -3.07982415e-03
  -7.01574609e-05  -6.27600402e-03   2.01587602e-02   2.04760209e-02
  -8.58028978e-03  -1.91947222e-02  -2.45981961e-02  -2.27026846e-02
  -5.33903576e-03  -5.68994507e-03  -6.13637641e-03  -1.51142124e-02
   1.05322935e-02   2.55701058e-02   1.94422808e-02  -1.01603065e-02
  -9.66557674e-03   2.35204529e-02   1.34425610e-03  -2.61197938e-03
   3.72533388e-02   2.08900869e-03   1.81590859e-02   5.95749263e-03
   1.21192541e-02   9.30514187e-04  -1.09355189e-02  -1.35988016e-02
  -4.90282774e-02  -2.72801872e-02   2.55021043e-02   2.73626931e-02
   3.33331376e-02  -3.40640917e-02   9.38106328e-04   1.71410516e-02
  -3.39691974e-02   1.66289788e-02   1.93813220e-02  -1.21311881e-02
   2.64838338e-04  -2.24562548e-02  -2.17364803e-02   4.78842109e-03
   1.33862738e-02  -1.35203311e-02  -1.54836904e-02   3.68279107e-02
   1.74399205e-02  -3.45952436e-03  -3.82262543e-02   7.73350988e-03
   1.37559175e-02  -5.55017916e-03  -5.23031875e-03   3.99574637e-05
   3.95643041e-02   7.69215729e-03  -3.23224366e-02  -5.50197437e-02
   4.84526390e-03   9.31217056e-03  -2.47577652e-02  -1.76749146e-03
  -1.68807376e-02  -1.64284483e-02   1.04231220e-02   1.47662051e-02
   9.03873704e-04  -3.01048234e-02   2.26035081e-02   2.02862117e-02
   1.36414357e-02  -2.49607190e-02   1.43872909e-02  -4.26590443e-03
   1.18284747e-02   2.44025886e-02   1.42659033e-02   2.93252878e-02
  -3.53928003e-03   2.36402340e-02   3.13468166e-02  -3.05120572e-02
  -4.82265279e-03   2.96604335e-02   3.24775744e-03   1.26877464e-02
  -8.32365267e-03   4.48804256e-03   3.03214081e-02   8.88884440e-03
  -1.56764872e-02  -1.01958402e-03   4.01276797e-02   8.27222783e-03
  -1.48178004e-02   3.96732092e-02   9.25258175e-03  -9.01882537e-03
  -1.47441067e-02  -2.02849656e-02   4.62369435e-03   2.79855495e-03
   1.67809874e-02   2.30039991e-02  -2.63924524e-02  -2.15169415e-02
  -5.29969856e-03  -6.87132776e-03  -1.07484348e-02  -1.83524862e-02
   6.14022091e-03   5.87884244e-03   1.33388117e-02  -1.40666123e-02
   2.97757108e-02  -2.97247805e-03  -3.03510576e-03   2.18032431e-02
   5.04383445e-03  -2.66106762e-02   1.75411627e-02  -2.99664866e-03
  -2.07179338e-02  -7.98602030e-03  -7.77641218e-03   3.87087278e-03
   1.00345584e-02   7.82496855e-03   3.13172601e-02  -3.90365012e-02
  -1.88540705e-02   1.27279591e-02   9.93953086e-03   2.54016556e-03
  -3.66922352e-03   1.56059340e-02  -7.21104071e-03  -1.65742412e-02
  -4.10874933e-02  -1.07930787e-03   1.17459539e-02  -3.99213955e-02
  -3.20031308e-03   7.82247260e-03   5.21813147e-03  -1.11432746e-02
  -3.17159742e-02   7.18549639e-03   1.56394318e-02  -2.75651366e-03
   5.18106669e-03   1.16974581e-02   2.97299074e-03  -2.65039355e-02
   1.25486320e-02   1.15422569e-02  -3.62484977e-02   1.75494663e-02
  -1.27494428e-03  -2.37851664e-02   2.07475014e-03  -1.87229365e-02
   4.56622429e-03  -9.96392034e-03  -2.12362781e-02   9.17997956e-03
  -1.68153197e-02  -3.77905183e-03   1.08375009e-02  -3.36159766e-02
   3.05287391e-02  -1.13889016e-03  -2.55526491e-02   6.50498644e-03
  -4.57380340e-03  -1.67267434e-02  -1.42915864e-02   1.28831808e-02
  -9.79876611e-03   3.60643677e-02   3.70979272e-02  -5.82618732e-03
   1.21888407e-02  -2.63293423e-02  -3.09505407e-03   1.56612638e-02
  -1.02492925e-02   8.82438943e-03   1.70979742e-02  -1.89743340e-02
  -1.91359185e-02  -2.30504982e-02  -2.51773223e-02   1.82636827e-02
  -5.39059080e-02  -3.23670432e-02   2.89469454e-02  -4.89154123e-02
  -9.84012708e-03   1.50089283e-02   1.54229440e-02   1.87412985e-02
   5.44695184e-02   1.17814401e-02  -1.29937697e-02  -2.61992421e-02
  -1.12892538e-02  -2.24647932e-02   2.19330862e-02  -4.91152983e-04
  -3.63495126e-02   3.66529152e-02  -3.79175246e-02   2.22617332e-02
  -3.62371188e-03   1.57560930e-02   5.38669247e-03  -4.45715189e-02
   1.61267035e-02  -1.71712246e-02   5.71965575e-02  -7.09116459e-04
  -1.76840276e-02  -6.34987187e-03   4.65839505e-02  -1.56032983e-02
   4.55168039e-02   3.42822149e-02  -3.44399689e-03  -7.58917816e-03
   6.38242811e-03   8.65492411e-03  -8.25336482e-03  -3.75267863e-03
   1.99306365e-02  -2.30674818e-02  -3.19148339e-02   4.51180711e-03
   9.85199586e-03  -6.05073571e-03   1.03471503e-02   3.34455334e-02
  -1.83186457e-02   1.02225738e-02   1.60770081e-02   1.62579995e-02]
[ 0.0819086  -0.03995465 -0.22305787  0.04130719 -0.00542445  0.08693867
  0.13321909 -0.06031664 -0.0644258   0.18910354 -0.19750383 -0.22660892
 -0.23687135 -0.05199867  0.0422172   0.22823077  0.13131557 -0.03678083
  0.09669955  0.17747374  0.14248465  0.07639317 -0.02806979 -0.0058455
  0.09214951 -0.08334826 -0.04193542  0.02619473 -0.14854795 -0.19267997
 -0.24297208  0.25396654 -0.04961395 -0.01337313 -0.17407611 -0.17831975
  0.0717847   0.11558776 -0.05224188 -0.08684021 -0.13140979  0.1960618
 -0.04837645 -0.03273505  0.14009972  0.1052369  -0.0029477   0.01989485
  0.13993023 -0.33790863 -0.13767298 -0.10917388  0.04023666 -0.15329511
  0.00246883  0.01274478  0.17018834 -0.24240707 -0.23305322  0.13227047
 -0.05299956 -0.00192546 -0.19942862 -0.10301718  0.11633156  0.09350923
 -0.05910132 -0.07205721  0.10264754  0.02042499 -0.0655416   0.00879545
  0.17870961  0.24189287 -0.01122563  0.08610605  0.16167982  0.24516387
  0.04971313 -0.03606757 -0.10726567 -0.05441723  0.18445568  0.10016526
 -0.11324961  0.03783529 -0.08008131 -0.02821436 -0.04799654 -0.0456549
  0.09330095 -0.07873343  0.19283202 -0.2128375  -0.22875571  0.03805675
  0.11168959 -0.05206494  0.00036871 -0.11153321  0.02447478 -0.12189415
 -0.20049669  0.10837175  0.18941121 -0.04360441 -0.18055351  0.23207933
  0.13581841 -0.0523739  -0.10432548 -0.21515845  0.06065308  0.07819984
 -0.12155953  0.06241421 -0.06706798 -0.06275725  0.11048736 -0.00192635
 -0.04687402 -0.10375272  0.08369996  0.1086448  -0.05968732  0.03128288
  0.0077194  -0.26177618  0.17348897  0.08788296  0.09011038  0.04701315
 -0.04067756 -0.11726779  0.11530097  0.06355088  0.1158197  -0.13628909
  0.08661289  0.14663786  0.09557706  0.13438156  0.20871617  0.02815685
  0.0771026   0.16198562  0.16806567 -0.02509622  0.02172214  0.18839043
 -0.11963931 -0.13821578  0.04772669 -0.18498868  0.01848336 -0.0540548
  0.10414715 -0.21061274 -0.09415147 -0.16603747  0.1056876   0.24869189
 -0.14204083  0.01099177  0.15226319  0.07486585 -0.0653207  -0.03881912
  0.15201414 -0.00629745  0.1573548   0.00996634  0.14499258 -0.22807851
  0.24945703  0.01434002 -0.29250479 -0.02155695 -0.01432549  0.15905699
 -0.05092284  0.24583536  0.08806401 -0.31344575  0.02758618 -0.04590473
  0.08233026  0.07104198 -0.05231741  0.22705239  0.1146864  -0.29148853
 -0.12365518  0.09760855  0.12597969 -0.31935358  0.0734411  -0.10184704
 -0.13562143 -0.19658604  0.1046216  -0.19463432  0.14499849  0.04137689
 -0.07388074 -0.08832999  0.00474962 -0.0291273   0.01668174 -0.16568333
  0.15818223  0.16478488 -0.04107823  0.01966051 -0.11434508 -0.08112274
  0.11225428 -0.10389055 -0.10421158 -0.18422101  0.13115805  0.12597145
 -0.08926874 -0.18702117 -0.06793172 -0.14325587 -0.27404445  0.02710154
 -0.13123095 -0.20835587 -0.13929063  0.00198386  0.15863521  0.06383251
  0.16546886 -0.06314556 -0.04325526 -0.02834972 -0.00866972  0.10704366
  0.07017573  0.02125998 -0.00445182 -0.00581984  0.05035793 -0.13349018
 -0.15849164 -0.05461705 -0.11464759  0.00455092  0.15382479 -0.01794929
  0.14514768 -0.01390843 -0.18274884  0.0625542   0.07422785 -0.09199914
 -0.10272788 -0.16171628 -0.05808219  0.01438979  0.00955206 -0.06691162
 -0.10962306  0.03394677 -0.10624251  0.14516658  0.03241652  0.12695664
  0.00348721  0.11496458 -0.00156509 -0.10801475  0.11031008 -0.17297198
 -0.05330821 -0.06866696  0.2991569  -0.01769438 -0.03215651  0.17685822
 -0.06083826 -0.05267351  0.11253491  0.12323833 -0.06802773 -0.16333166
  0.08665011 -0.06906873 -0.1582863  -0.10653689 -0.27309248 -0.15518057
 -0.1455024   0.0126689   0.01796173 -0.00314763  0.07310174 -0.0632581 ][(u'diagnostic', 0.3948078155517578), (u'diagnosis', 0.3751904368400574), (u'adi-r', 0.3747771382331848), (u'diagnosing', 0.3699476420879364), (u'ultrasonography', 0.36280423402786255), (u'diagnose', 0.3514634370803833), (u'mammography', 0.3473055958747864), (u'densitometry', 0.3464128375053406), (u'serologic', 0.34539833664894104), (u'nfer', 0.33517009019851685), (u'radiography', 0.33131808042526245), (u'tests', 0.33123689889907837), (u'pre-test', 0.330469012260437), (u'adolescents', 0.32745394110679626), (u'multitarget', 0.3261740803718567), (u'sonography', 0.3248324990272522), (u'gfobt', 0.32384544610977173), (u'ultrasonographic', 0.32315438985824585), (u'd-dimer', 0.32202985882759094), (u'adolescent', 0.3212665915489197), (u'cystoscopy', 0.31997010111808777), (u'ebsd', 0.31968849897384644), (u'diagnoses', 0.3195856809616089), (u'radiographic', 0.3195763826370239), (u'wisc-iv', 0.3160167634487152), (u'radiograph', 0.314590722322464), (u'sigmoidoscopy', 0.3137597143650055), (u'hrct', 0.3129800856113434), (u'densitometer', 0.31164246797561646), (u'transrectal', 0.30998268723487854), (u'imaging', 0.30808961391448975), (u'test', 0.3076636791229248), (u'echocardiograms', 0.30684179067611694), (u'pleuritic', 0.30459803342819214), (u'ultrasound', 0.30450645089149475), (u'presymptomatic', 0.3041888475418091), (u'haplotyping', 0.30403169989585876), (u'teleophthalmology', 0.30388709902763367), (u'mediastinoscopy', 0.3038245439529419), (u'mri', 0.3036540150642395), (u'defecography', 0.3027913570404053), (u'tomosynthesis', 0.3024255037307739), (u'energy-dispersive', 0.30183765292167664), (u'subscores', 0.30171412229537964), (u'examination', 0.30158281326293945), (u'ca-125', 0.3003327548503876), (u'scan', 0.29928869009017944), (u'false-negative', 0.29845577478408813), (u'transillumination', 0.2973374128341675), (u'sensitivity', 0.29701343178749084)][(u'diagnosis', 0.6733704805374146), (u'diagnose', 0.656069278717041), (u'chronic', 0.6558816432952881), (u'diagnostic', 0.6548900604248047), (u'diagnosing', 0.6516761183738708), (u'clinically', 0.6429355144500732), (u'disease', 0.6333236694335938), (u'abnormal', 0.6332205533981323), (u'treatment', 0.6303538680076599), (u'non-invasive', 0.6280897259712219), (u'infections', 0.6263399124145508), (u'tissue', 0.6212328672409058), (u'treatments', 0.6208785772323608), (u'symptomatic', 0.6197519898414612), (u'abnormalities', 0.6182883977890015), (u'sensitivity', 0.617424726486206), (u'diseases', 0.6142905354499817), (u'clinical', 0.610133171081543), (u'nonspecific', 0.6080843210220337), (u'susceptibility', 0.6077188849449158), (u'imaging', 0.6075243949890137), (u'morbidity', 0.6072889566421509), (u'infection', 0.6057775020599365), (u'clinicians', 0.6055917739868164), (u'patients', 0.6046304702758789), (u'noninvasive', 0.6034684181213379), (u'therapeutic', 0.6032274961471558), (u'pathologies', 0.601374626159668), (u'treating', 0.6006059050559998), (u'etiology', 0.6005628108978271), (u'non-specific', 0.5999481678009033), (u'symptoms', 0.5979754328727722), (u'prevalence', 0.5969771146774292), (u'tumoral', 0.5949397087097168), (u'severity', 0.5947588682174683), (u'detection', 0.5946142673492432), (u'disorders', 0.5932469367980957), (u'complication', 0.5923497676849365), (u'patient', 0.591281533241272), (u'methods', 0.5907752513885498), (u'recurrent', 0.5902990102767944), (u'efficacy', 0.5896036028862), (u'complications', 0.5894815921783447), (u'abnormality', 0.5885946750640869), (u'risk', 0.5880135893821716), (u'helpful', 0.5878673791885376), (u'biomarkers', 0.5878502130508423), (u'tissues', 0.5866210460662842), (u'diagnostics', 0.5861654281616211), (u'symptom', 0.5858886241912842)][(u'chronic', 0.6693875789642334), (u'abnormal', 0.6488935947418213), (u'diagnosis', 0.6486011147499084), (u'clinically', 0.648317277431488), (u'tissue', 0.6462324857711792), (u'disease', 0.6449747085571289), (u'treatment', 0.6428389549255371), (u'treatments', 0.6378641128540039), (u'diagnose', 0.6344730854034424), (u'diseases', 0.6328161358833313), (u'infections', 0.631955623626709), (u'diagnosing', 0.6264720559120178), (u'diagnostic', 0.6254133582115173), (u'abnormalities', 0.6215521097183228), (u'symptomatic', 0.6213692426681519), (u'treating', 0.6208385825157166), (u'therapeutic', 0.618159294128418), (u'susceptibility', 0.6174062490463257), (u'morbidity', 0.6170152425765991), (u'clinical', 0.6158133745193481), (u'tissues', 0.6150674223899841), (u'non-invasive', 0.6148054599761963), (u'infection', 0.613800048828125), (u'non-specific', 0.6119571924209595), (u'nonspecific', 0.6105300784111023), (u'etiology', 0.6098638772964478), (u'pathologies', 0.6087141036987305), (u'treat', 0.6075248718261719), (u'patients', 0.6059616804122925), (u'complication', 0.6053204536437988), (u'efficacy', 0.6044399738311768), (u'sensitivity', 0.603178083896637), (u'immune', 0.6017618179321289), (u'disorders', 0.6017554402351379), (u'dysfunction', 0.6014403104782104), (u'symptoms', 0.6006608009338379), (u'severity', 0.6003334522247314), (u'recurrent', 0.5982382297515869), (u'risk', 0.5981179475784302), (u'physiologic', 0.5977082848548889), (u'helpful', 0.5961549282073975), (u'tumoral', 0.5955512523651123), (u'clinicians', 0.5948018431663513), (u'and/or', 0.5943377017974854), (u'complications', 0.5942224264144897), (u'benign', 0.5941639542579651), (u'predisposition', 0.5932540893554688), (u'affects', 0.5926243662834167), (u'therapy', 0.5923246145248413), (u'patient', 0.5914319753646851)]